  -6.6375984e-01
  -7.7220737e-01
   7.0266035e-01
   4.2332441e-01
  -6.8264101e-01
   3.5700217e-01
  -5.4188661e-03
  -2.3416169e-01
  -2.1590901e-01
   1.2070372e+00
   7.5521302e-01
  -8.8849953e-01
  -1.4220639e-01
  -6.7396858e-01
  -4.0438975e-01
  -4.0229332e-01
   3.8162420e-01
  -9.3651851e-02
  -6.4892620e-02
  -1.5294731e+00
  -2.5128900e-01
   1.4579165e+00
  -5.1019958e-01
   3.1442924e+00
   1.0700803e+00
   1.8927226e-01
  -1.0463718e+00
  -7.6003644e-01
   7.2031200e-01
  -1.1254461e-01
   9.8790243e-01
   1.0579320e+00
  -4.2152004e-01
  -5.4026831e-01
   2.4223502e+00
   9.2098496e-01
  -2.0259172e-01
   9.4999227e-01
   1.5399749e-01
  -2.7792900e-01
  -2.0285540e+00
   2.1928321e-01
  -5.8930052e-02
   2.3434845e-01
   1.1376574e+00
  -8.5868069e-01
   2.9927325e-02
  -4.7106477e-01
   1.1090270e+00
   6.0612794e-01
   5.5436767e-01
   1.1920387e+00
  -6.4280177e-01
  -1.4589679e+00
   4.3784201e-01
  -1.3225870e+00
   1.0257028e+00
   6.0226962e-01
   9.5630842e-01
   3.3133255e-01
  -3.2657313e-01
   5.9617581e-03
   7.2342721e-01
  -1.9587006e+00
   1.6174715e+00
   8.9635856e-01
   1.8844424e+00
  -9.2898606e-01
   1.0657382e+00
   1.1416402e+00
  -1.7540121e+00
   4.0245097e-01
   4.9351933e-01
   1.7529428e+00
   1.1125899e-01
   1.0739622e+00
  -8.2276604e-01
   6.7980782e-01
  -1.4638208e+00
  -5.7993732e-01
   2.2609602e+00
   1.6441127e-01
   7.9610561e-01
   8.3734452e-01
  -5.5276972e-01
   3.3125294e-01
  -5.4332828e-01
  -6.7184752e-01
  -1.0834695e+00
  -1.0107005e+00
   3.9148383e-02
  -1.4590366e+00
   9.5554002e-01
   1.2725324e+00
   2.8011575e+00
  -1.9111944e-01
   1.1853682e+00
   1.0633562e+00
  -1.9506787e-01
   1.8433336e+00
   4.6024074e-01
  -1.1763652e+00
   9.5963135e-02
   9.9570092e-01
  -7.0866481e-01
   3.1983196e-01
   4.6485230e-02
   2.1165858e-02
  -1.3234370e+00
   1.7941089e+00
   1.3024157e+00
  -1.0945230e+00
  -1.0926030e+00
   1.7929206e-01
   1.5691499e+00
   3.6568740e-01
  -1.1696248e+00
   3.0925602e-01
  -2.5050793e+00
  -3.4747637e-01
  -9.0966767e-01
  -1.4819418e+00
  -1.7039566e+00
  -5.2477920e-01
   1.1631388e+00
  -1.4422408e+00
  -3.1148187e-01
  -4.3981033e-01
  -5.6791921e-02
   5.9704138e-01
  -5.4461290e-01
  -2.0092853e+00
  -1.6521208e+00
  -2.8518634e-01
  -4.3788455e-01
  -3.1290789e-01
  -1.0164131e+00
  -5.7866911e-01
  -2.3187376e-01
   9.0368263e-01
  -7.1616928e-01
   1.3919409e+00
   1.4426340e+00
   5.6748272e-02
  -1.4808769e+00
  -1.6291137e+00
  -7.2854321e-01
   7.8469186e-01
  -6.6070368e-01
   1.0552875e+00
  -1.2895265e+00
   7.0693315e-01
   7.4905326e-01
   4.5889507e-01
  -1.7953687e-01
   1.0504323e+00
  -6.5293964e-01
   6.1592916e-01
   2.2032073e+00
  -4.5490658e-01
   1.0820225e+00
   3.6517833e-02
   7.2198862e-02
   1.2860563e+00
  -6.6272374e-01
   1.7662904e-01
  -7.3678820e-01
   7.4714383e-01
   7.0104803e-01
  -2.0774484e-01
  -7.1595677e-01
   7.5612689e-01
  -1.9820933e+00
   1.1599256e-01
   8.4145885e-01
   4.1723464e-01
  -1.5736984e+00
   2.4378499e-01
   5.1260473e-02
  -3.3020325e-01
   3.3648465e-01
  -5.5619100e-01
   7.9844548e-02
  -3.2029476e-01
  -1.1620822e+00
  -1.5705928e+00
  -2.7481687e-01
  -2.2879955e-01
   1.8135205e+00
   7.4259853e-01
  -1.2115757e+00
  -1.0766456e+00
   6.7591921e-02
  -3.4323293e-01
  -8.7724514e-02
  -1.3576311e-01
  -2.8361331e-01
  -6.4682428e-01
  -5.4376579e-01
  -8.9631862e-02
  -1.0688937e+00
  -6.3809144e-01
   8.3707044e-01
   1.0456901e+00
   3.7155404e-01
   1.1726435e+00
  -8.5462527e-01
  -5.8336494e-01
   8.9689690e-01
   2.6809879e-01
   2.3150493e+00
   9.0844209e-01
  -3.7347448e-01
   5.9685980e-01
   4.5950044e-01
   1.7651281e-01
   7.7937927e-01
   8.5874308e-02
   3.1351094e-01
   4.7784814e-01
  -9.9957772e-01
   8.4584029e-01
  -1.4525759e+00
   7.3119677e-02
  -1.7162819e+00
  -3.7073330e-02
  -4.4461916e-01
  -1.1385954e+00
  -9.9812351e-01
   1.2169868e+00
  -1.4537284e-01
   3.9107871e-01
  -2.1855321e+00
   2.9795158e-01
  -5.6386761e-01
   8.1834103e-01
  -5.6175636e-01
  -4.4582478e-01
   7.7169626e-01
  -6.4417258e-01
  -6.8749274e-01
   1.9629497e+00
  -1.9596844e-01
   4.8673109e-01
   4.9318662e-01
  -2.5399017e-01
   8.4931899e-01
  -8.8896005e-01
   1.9359393e+00
  -5.7165378e-01
   4.4566176e-01
  -7.2500939e-01
  -8.7606376e-01
  -3.6004458e-01
  -2.1581582e-01
   1.4364198e-01
   3.5976282e-02
  -3.3769974e-01
  -1.3292812e-01
  -1.6827860e-01
  -1.7898005e+00
   4.9616087e-01
   7.8289245e-02
   1.2848253e+00
   3.9650554e-01
   1.0766029e+00
  -1.4790532e+00
  -1.0205696e+00
  -2.8781426e-01
  -3.7928827e-01
  -8.4694470e-01
   2.8867077e-01
  -2.2393391e+00
  -8.1115057e-01
  -9.8102625e-01
  -2.4649141e+00
  -4.4409555e-01
   1.1694963e+00
   2.1618363e+00
  -1.0162746e+00
   5.5461154e-01
  -2.7458519e-01
   6.9514879e-01
  -1.7789951e+00
  -6.5260660e-01
   4.8501571e-01
  -8.3968439e-01
   8.6997413e-01
  -4.2716363e-01
   5.0972687e-01
  -9.2956201e-02
   1.9559920e+00
   1.5186848e-01
  -5.8077667e-01
   9.1513692e-01
  -1.5842648e+00
  -9.6525526e-01
   9.9253163e-01
   1.8203103e+00
   5.9849687e-02
  -1.7968371e-01
   9.4207228e-02
   9.1738947e-01
  -3.9577411e-01
   9.0440908e-01
  -3.8853084e-01
   2.3057646e-01
  -3.0720287e-01
  -1.8626016e+00
  -1.0407880e+00
  -1.2697057e+00
  -6.9528667e-01
  -8.5690393e-01
  -7.0294613e-01
  -8.3560006e-02
  -1.3769822e-01
  -8.8067777e-01
  -1.0704513e-01
   4.4118794e-01
   1.2304844e+00
   9.2839426e-01
   2.2458722e-01
  -8.9608540e-01
   1.5129843e+00
  -8.2807046e-02
   3.3372067e-01
  -1.7659165e+00
  -1.6115481e+00
   7.7280682e-01
  -5.6696004e-01
   1.2589021e-01
   5.5800102e-01
   5.8135263e-02
  -5.9313798e-01
   1.0268040e+00
  -1.6080152e-01
  -1.7045696e-01
   9.7060895e-01
  -2.2643001e-01
  -1.5276663e+00
  -1.3171322e-01
   1.0605419e+00
  -1.7241752e+00
   8.6003705e-02
   3.5374743e-02
   3.1025943e-01
   1.2121362e+00
  -1.1242950e-01
   3.0354151e-01
   1.2177239e+00
  -1.0724864e+00
   3.1261679e-01
  -1.8782078e+00
   3.0748849e-01
  -6.4968861e-01
  -6.0102637e-01
   2.5350911e-01
   4.5600472e-01
  -3.7194823e-01
   1.5051788e-01
   6.7286177e-01
   3.3013348e-02
  -3.7746424e-02
  -5.0119455e-01
  -1.0082338e+00
   1.1879812e+00
   1.5471151e+00
  -1.0772609e+00
   2.1717592e-01
   5.4995887e-01
   5.4030315e-01
   1.1754252e+00
   9.9188193e-03
  -4.5718673e-01
   6.4885025e-01
   2.9048135e-02
  -1.9443106e+00
   1.2083691e+00
   6.8832672e-01
   1.2193779e+00
   4.2633500e-01
  -6.2309148e-01
   6.8475214e-02
   2.8756220e-01
   4.1209338e-01
  -1.3465914e+00
   7.6491445e-01
   2.2297390e+00
   5.7235466e-01
  -9.5276287e-01
   2.4550813e-01
   1.0055783e+00
  -1.0646981e+00
  -4.2484681e-01
  -3.3097059e-01
  -7.3268256e-01
   1.6939241e+00
  -1.1083818e-01
   1.3057362e+00
  -1.7780483e-01
