400
   4.6622258e-01
   8.9277583e-01
   1.3676056e-01
   2.3902672e-01
   7.8497926e-01
   5.2451153e-01
   9.8452370e-02
   1.1925414e-03
   3.3661006e-01
   3.9345375e-02
   8.3728440e-01
   1.1003188e-01
   7.6589411e-04
   4.2681969e-02
   6.9330299e-01
   5.2125275e-01
   5.8564611e-01
   6.4883720e-02
   8.8563007e-01
   9.4402892e-01
   1.2134646e-02
   6.9990048e-01
   6.5158654e-02
   3.8286010e-01
   2.3639759e-01
   4.0525748e-01
   3.8423489e-01
   7.7236969e-02
   6.2113379e-01
   6.1268443e-01
   2.5078311e-01
   1.9899378e-01
   3.5944141e-01
   8.0966817e-01
   1.0781237e-01
   9.7290244e-01
   2.4679480e-01
   3.1894125e-01
   2.7090221e-01
   1.0431041e-01
   7.1627160e-01
   7.3655593e-02
   9.5015945e-01
   9.7515300e-01
   4.6299060e-01
   5.0867955e-01
   1.5621858e-01
   9.8904015e-01
   5.8024140e-01
   4.1488771e-01
   5.8632683e-01
   6.8139351e-01
   2.9416778e-01
   7.4697772e-01
   9.2061771e-01
   5.9402943e-01
   4.5660242e-01
   8.3752216e-01
   9.0469331e-01
   6.1191551e-01
   4.4636226e-02
   4.0485357e-01
   1.0223759e-02
   7.7285478e-01
   1.0453579e-03
   4.4852707e-01
   9.8939460e-01
   8.7675188e-01
   4.2454825e-01
   7.5764767e-01
   1.9303903e-01
   3.5092898e-01
   4.8061186e-02
   1.1513300e-01
   7.0864488e-02
   1.1928488e-01
   7.9960270e-01
   4.8246162e-01
   5.5282995e-01
   4.4146470e-01
   8.8636077e-01
   1.1291551e-01
   3.3233328e-01
   9.5382510e-01
   3.0422249e-01
   1.9067486e-01
   9.7446682e-01
   7.6868161e-02
   3.8390976e-01
   3.7190087e-01
   2.0174936e-01
   4.0162207e-01
   1.5380900e-01
   4.0597608e-01
   2.8835965e-01
   7.2196184e-01
   7.0140288e-01
   5.7408593e-01
   2.3699004e-01
   9.2594611e-03
   1.4969784e-01
   3.5794646e-01
   3.2214625e-02
   8.8432674e-01
   9.5458873e-01
   5.9521326e-01
   5.5815453e-02
   3.2488613e-02
   4.1524190e-01
   8.3425044e-01
   3.2823951e-01
   9.1595525e-01
   2.0055809e-02
   5.5127139e-01
   9.5587094e-01
   8.5605950e-01
   3.3986774e-01
   4.0580436e-01
   9.8372827e-01
   9.0498428e-01
   3.8493334e-02
   4.5027198e-02
   5.1222948e-01
   3.0158030e-02
   7.4925029e-02
   5.1247587e-01
   7.3303066e-01
   2.7692890e-01
   5.4241321e-01
   4.5728206e-01
   5.7127220e-01
   1.7013184e-01
   4.5391236e-01
   8.9735388e-01
   8.4862098e-01
   5.3927689e-01
   6.5936469e-01
   3.3599197e-01
   3.5302738e-01
   2.7495466e-01
   2.0652413e-01
   3.5568601e-01
   2.3258176e-01
   6.9306828e-01
   5.6335759e-01
   4.2732573e-01
   7.1264844e-01
   3.6781886e-01
   3.7827101e-01
   8.7759402e-01
   4.5540260e-01
   4.6841231e-01
   8.0727778e-01
   9.7309345e-01
   7.5431950e-01
   6.7094733e-01
   6.5305897e-01
   5.8836297e-01
   7.3926700e-01
   5.9673560e-02
   3.5827715e-01
   1.2161418e-02
   9.6256588e-01
   9.5725598e-01
   1.6582057e-01
   2.0948913e-01
   5.2721662e-01
   8.2847807e-01
   2.8445381e-02
   4.6444447e-01
   9.3884068e-01
   7.2730542e-02
   1.1331991e-01
   4.6227796e-01
   4.2304765e-01
   1.2625446e-01
   6.3833697e-01
   8.8661683e-01
   3.6775730e-01
   2.4391280e-01
   7.9187298e-01
   8.3355150e-01
   9.3858493e-01
   5.5608167e-01
   3.6004222e-01
   7.3586487e-01
   3.6844080e-01
   5.2362730e-01
   9.6598793e-01
   1.6637732e-02
   7.2105178e-01
   5.7812504e-01
   4.4831001e-01
   5.3183660e-01
   1.6715603e-01
   7.0133781e-01
   9.5987592e-02
   5.6564913e-01
   2.4235195e-01
   8.9203709e-01
   2.6933412e-01
   9.0721478e-01
   4.1774553e-01
   2.6171318e-01
   6.5575008e-01
   6.0368697e-01
   1.8488785e-02
   6.1276578e-02
   5.1601978e-01
   8.9840259e-01
   8.4979788e-01
   2.3599108e-01
   8.9175949e-01
   2.6858837e-01
   9.2770656e-01
   6.8737301e-01
   4.1687680e-01
   1.7315519e-01
   2.7356530e-02
   5.5167448e-01
   7.0308214e-01
   9.2663193e-01
   5.5124677e-02
   1.8902395e-02
   9.0452558e-01
   2.2811579e-01
   9.7546099e-01
   7.6369685e-01
   6.1793526e-01
   6.2603309e-01
   7.0756489e-01
   2.2527499e-01
   9.5465434e-01
   8.6590971e-01
   9.8607072e-01
   3.8346743e-01
   8.9656160e-01
   6.4372708e-01
   9.3863051e-01
   6.9213470e-01
   4.9470797e-01
   3.5942583e-01
   6.7755622e-01
   6.6864432e-01
   5.5423891e-01
   5.7106630e-01
   3.6141007e-01
   8.4922858e-01
   4.0685954e-01
   5.0377776e-01
   6.2788817e-01
   4.6815698e-02
   3.6336531e-01
   4.5669677e-01
   2.3487908e-01
   6.0438349e-01
   8.2105086e-01
   7.8172123e-01
   1.6791998e-02
   6.9736901e-01
   7.8443141e-01
   5.0369779e-01
   3.1679959e-01
   1.1920899e-01
   9.5565242e-01
   8.7844050e-01
   3.0172619e-01
   9.7897754e-01
   8.2458134e-01
   2.4778050e-01
   2.8117821e-01
   1.4895240e-03
   1.0130005e-01
   4.9684593e-01
   5.4551828e-01
   7.4058863e-01
   1.8037461e-01
   8.7462542e-01
   4.1364805e-01
   2.4760586e-01
   1.9307027e-01
   1.2776507e-02
   4.0578971e-01
   6.0902426e-02
   1.1637415e-01
   4.3408019e-01
   7.4059571e-01
   1.1221628e-01
   6.8681893e-01
   9.4150528e-01
   2.0028781e-01
   9.4460261e-01
   5.5660418e-01
   9.9852224e-01
   7.6084499e-01
   3.7284309e-01
   9.1580900e-01
   5.0504028e-01
   9.4857354e-01
   7.1058315e-04
   3.7979531e-01
   7.6344310e-01
   2.7223632e-01
   3.0944862e-01
   8.2458753e-01
   4.4511167e-01
   6.7502942e-01
   1.6400578e-01
   9.6847150e-01
   5.3215604e-01
   7.2162641e-01
   7.5528785e-01
   2.6354415e-02
   1.3051794e-01
   3.6603772e-01
   5.1635842e-01
   1.3527688e-01
   1.9142826e-01
   3.4151634e-02
   9.0740963e-01
   1.9259213e-01
   7.7573525e-01
   3.8644318e-01
   8.3286538e-01
   4.1957702e-02
   3.3589713e-01
   2.6950317e-01
   4.5734449e-01
   2.9610358e-01
   6.4856224e-01
   9.3562260e-01
   9.7967646e-01
   6.4954157e-01
   1.8499647e-01
   9.6833669e-02
   8.3394688e-02
   3.4243653e-01
   7.0898975e-01
   4.3002849e-01
   3.6859529e-01
   1.9867852e-01
   4.0729807e-01
   7.7896032e-01
   5.6258714e-01
   9.3436798e-01
   2.2537326e-01
   6.0945497e-01
   7.2833441e-01
   7.4438495e-01
   3.8521367e-01
   3.3992866e-01
   3.5124841e-01
   6.4449067e-01
   2.4619051e-01
   3.1163757e-01
   3.1455670e-01
   9.6282925e-01
   3.4049501e-01
   5.9845298e-01
   5.9875348e-02
   4.8307949e-01
   2.2160791e-01
   4.3247345e-01
   4.6834630e-02
   1.8123268e-01
   7.2367708e-01
   9.6311338e-01
   1.1547897e-01
   3.9355270e-01
   8.6075873e-01
   9.7238125e-02
   4.2360086e-01
   3.9962797e-01
   9.3711707e-01
   3.4502156e-01
   3.2370899e-01
   5.5474160e-01
   3.2287255e-01
   4.5699151e-01
   2.7391594e-01
   1.4253419e-01
   2.3026790e-01
   9.4292721e-01
   7.9566937e-01
   6.8650143e-01
   7.3788311e-02
   2.7161001e-01
   8.3419005e-01
   7.2178035e-01
   5.0584995e-01
   3.3427800e-01
   7.3388830e-02
   5.8171009e-01
   3.3123916e-01
   6.8648682e-01
   2.2673672e-01
   2.1160760e-01
   6.0629898e-01
   9.8662884e-01
   7.0426008e-01
